Range Conflict Report
====================

Type: source_range_only
Description: Source has range markers but target doesn't
Affected indices: [10405, 10406, 10595, 10596, 10597, 10598, 10599, 10600, 10601, 10602, 10603, 10604, 10605, 14963, 14964, 21936, 21937]

Type: target_range_only
Description: Target has range markers but source doesn't
Affected indices: [5, 6, 13, 14, 23, 24, 35, 36, 49, 50, 57, 58, 106, 107, 128, 129, 146, 147, 148, 149, 156, 157, 161, 162, 167, 168, 174, 175, 176, 177, 178, 180, 181, 182, 201, 202, 210, 211, 217, 218, 219, 220, 221, 222, 236, 237, 238, 239, 269, 270, 302, 303, 324, 325, 344, 345, 355, 356, 362, 363, 373, 374, 375, 382, 383, 384, 401, 402, 406, 407, 408, 409, 410, 420, 421, 422, 423, 424, 469, 470, 499, 500, 509, 510, 511, 512, 513, 514, 515, 516, 517, 518, 519, 520, 522, 523, 533, 534, 540, 541, 572, 573, 585, 586, 588, 589, 590, 593, 594, 606, 607, 620, 621, 650, 651, 663, 664, 665, 666, 667, 668, 671, 672, 673, 674, 695, 696, 769, 770, 818, 819, 820, 821, 822, 890, 891, 924, 925, 946, 947, 991, 992, 1013, 1014, 1024, 1025, 1039, 1040, 1050, 1051, 1052, 1053, 1055, 1056, 1060, 1061, 1065, 1066, 1069, 1070, 1080, 1081, 1082, 1083, 1088, 1089, 1090, 1137, 1138, 1150, 1151, 1163, 1164, 1173, 1174, 1175, 1225, 1226, 1236, 1237, 1259, 1260, 1298, 1299, 1311, 1312, 1354, 1355, 1392, 1393, 1421, 1422, 1487, 1488, 1502, 1503, 23213, 23214, 23219, 23220, 23221, 23222, 23223, 23224, 23225, 23226, 23227, 23228, 23467, 23468, 23490, 23491, 23560, 23561, 23706, 23707, 23806, 23807, 23808, 24287, 24288, 24289, 24337, 24338, 24353, 24354, 24363, 24364, 24372, 24373, 24374, 24375, 24428, 24429, 24434, 24435, 24436, 24437, 24438, 24439, 24440, 24459, 24460, 24461, 24474, 24475, 24483, 24484, 24492, 24493, 24510, 24511, 24522, 24523, 24524, 24525, 24530, 24531, 24533, 24534, 24535, 24536, 24537, 24538, 24539, 24540, 24542, 24543, 24549, 24550, 24556, 24557, 24569, 24570, 24571, 24576, 24577, 24611, 24612, 24685, 24686, 24728, 24729, 24823, 24824, 24857, 24858, 24873, 24874, 24888, 24889, 24918, 24919, 24934, 24935, 24936, 24937, 24944, 24945, 24962, 24963, 24964, 24985, 24986, 25000, 25001, 25033, 25034, 25039, 25040, 25042, 25043, 25045, 25046, 25066, 25067, 25077, 25078, 25084, 25085, 25094, 25095, 25112, 25113, 25136, 25137, 25156, 25157, 25183, 25184, 25185, 25193, 25194, 25198, 25199, 25212, 25213, 25217, 25218, 25236, 25237, 25270, 25271, 25281, 25282, 25283, 25340, 25341, 25342, 25354, 25355, 25364, 25365, 25366, 25382, 25383, 25436, 25437, 25438, 25439, 25464, 25465, 25469, 25470, 25471, 25478, 25479, 25523, 25524, 25526, 25527, 25562, 25563, 25569, 25570, 25571, 25584, 25585, 25618, 25619, 25655, 25656, 25739, 25740, 25772, 25773, 25882, 25883, 25910, 25911, 26020, 26021, 26047, 26048, 26053, 26054, 26144, 26145, 26155, 26156, 26187, 26188, 26211, 26212, 26225, 26226, 26230, 26231, 26232, 26241, 26242, 26326, 26327, 26328, 26329, 26347, 26348, 26349, 26521, 26522, 26592, 26593, 26608, 26609, 26610, 26620, 26621, 26622, 26671, 26672, 26752, 26753, 26828, 26829, 26855, 26856, 26895, 26896, 26992, 26993, 26994, 26995, 26996, 27012, 27013, 27015, 27016, 27018, 27019, 27027, 27028, 27036, 27037, 27038, 27124, 27125, 27126, 27127, 27186, 27187, 27254, 27255, 27259, 27260, 27261, 27271, 27272, 27397, 27398, 27399, 27434, 27435, 27436, 27437, 27438, 27462, 27463, 27466, 27467, 27468, 27469, 27470, 27471, 27520, 27521, 27527, 27528, 27529, 27530, 27597, 27598, 27610, 27611, 27612, 27613, 27614, 27626, 27627, 27628, 27643, 27644, 27666, 27667, 27688, 27689, 27698, 27699, 27704, 27705, 27719, 27720, 27721, 27730, 27731, 27758, 27759, 27760, 27766, 27767, 27807, 27808, 27809, 27813, 27814, 27838, 27839, 27869, 27870, 27889, 27890, 27896, 27897, 27898, 27900, 27901, 27936, 27937, 27958, 27959, 27971, 27972, 27999, 28000, 28011, 28012, 28016, 28017, 28083, 28084, 28224, 28225, 28233, 28234, 28254, 28255, 28281, 28282, 28451, 28452, 28498, 28499, 28587, 28588, 28617, 28618, 28653, 28654, 28800, 28801, 28838, 28839, 28906, 28907, 29091, 29092, 29093, 29124, 29125, 29138, 29139, 29166, 29167, 29192, 29193, 29201, 29202, 29283, 29284, 29299, 29300, 29303, 29304, 29335, 29336, 29351, 29352, 29436, 29437, 29442, 29443, 29444, 29448, 29449, 29450, 29454, 29455, 29474, 29475, 29486, 29487, 29492, 29493, 29494, 29495, 29499, 29500, 29542, 29543, 29544, 29557, 29558, 29592, 29593, 29606, 29607, 29657, 29658, 29663, 29664, 29684, 29685, 29686, 29691, 29692, 29693, 29710, 29711, 29743, 29744, 29763, 29764, 29775, 29776, 29791, 29792, 29811, 29812, 29832, 29833, 29834, 29867, 29868, 29876, 29877, 29884, 29885, 29891, 29892, 29893, 29913, 29914, 29937, 29938, 29959, 29960, 29961, 29962, 30012, 30013, 30040, 30041, 30070, 30071, 30114, 30115, 30116, 30123, 30124, 30125, 30126, 30131, 30132, 30133, 30139, 30140, 30150, 30151, 30204, 30205, 30255, 30256, 30290, 30291, 30327, 30328, 30339, 30340, 30342, 30343, 30355, 30356, 30394, 30395, 30399, 30400, 30411, 30412, 30421, 30422, 30423, 30424, 30425, 30426, 30441, 30442, 30562, 30563, 30581, 30582, 30593, 30594, 30595, 30756, 30757, 30765, 30766, 30810, 30811, 30812, 30904, 30905, 30947, 30948, 31006, 31007, 31037, 31038, 31111, 31112]

