Range Conflict Report
====================

Type: source_range_only
Description: Source has range markers but target doesn't
Affected indices: [46, 47, 1046, 1047, 1394, 1395, 1396, 1397, 1398, 1399, 1400, 1401, 1402, 1403, 1404, 1405, 1406, 1407, 1408, 1409, 1410, 1411, 1834, 1835, 1859, 1860, 1904, 1905, 2027, 2028, 2073, 2074, 2101, 2102, 2164, 2165, 2190, 2191, 2286, 2287, 2421, 2422, 2477, 2478, 2507, 2508, 2647, 2648, 2738, 2739, 2937, 2938, 2940, 2941, 2943, 2944, 3038, 3039, 3092, 3093, 3099, 3100, 3190, 3191, 3359, 3360, 3456, 3457, 3477, 3478, 3564, 3565, 3606, 3607, 3609, 3610, 3611, 3612, 3613, 3614, 3615, 3616, 3617, 3618, 3619, 3624, 3625, 3626, 3627, 3628, 3629, 3630, 3631, 3632, 3633, 3634, 3635, 3636, 3637, 3638, 3639, 3640, 3641, 3642, 3643, 3644, 3645, 3646, 3647, 3648, 3649, 3661, 3662, 3663, 3664, 3665, 3666, 3668, 3669, 3670, 3671, 3672, 3673, 3676, 3677, 3678, 3679, 3680, 3681, 3683, 3684, 3685, 3686, 3687, 3688, 3739, 3740, 3761, 3762, 3763, 3813, 3814, 3816, 3817, 3862, 3863, 3864, 3865, 3866, 3867, 3868, 3869, 3870, 3871, 3872, 3873, 3874, 3875, 3876, 3877, 3878, 3879, 3880, 3881, 3882, 3883, 3884, 3885, 3886, 3887, 3888, 3889, 3890, 3891, 3892, 3893, 3894, 3895, 3896, 3897, 3898, 3899, 3900, 3901, 3902, 3903, 3904, 3905, 3906, 3907, 3908, 3909, 3910, 3911, 3912, 3913, 3914, 3915, 3916, 3917, 3918, 3919, 3920, 3921, 3922, 3923, 3924, 3925, 3926, 3927, 3928, 3929, 3930, 3931, 3932, 3933, 3934, 3935, 3936, 3937, 3938, 3980, 3981, 4060, 4061, 4495, 4496, 4497, 4502, 4503, 4504, 4505, 4506, 4507, 4508, 4509, 4510, 4511, 4512, 4513, 4514, 4515, 4516, 4517, 4518, 4519, 4520, 4521, 4522, 4523, 4524, 4525, 4526, 4527, 4528, 4529, 4530, 4531, 4532, 4533, 4534, 4535, 4536, 4537, 4538, 4539, 4540, 4544, 4545, 4546, 4626, 4627, 4628, 4629, 4630, 4631, 4632, 4633, 4634, 4635, 4636, 4637, 4638, 4639, 4640, 4641, 4642, 4643, 4697, 4698, 4699, 4700, 4707, 4708, 4709, 4710, 4711, 4730, 4731, 4836, 4837, 4838, 4839, 4840, 4841, 4842, 4843, 4844, 4845, 4862, 4863, 4864, 4925, 4926, 4928, 4929, 5324, 5325, 5348, 5349, 5409, 5410, 5415, 5416, 5561, 5562, 5588, 5589, 5590, 5666, 5667, 5668, 5669, 5973, 5974, 5975, 6190, 6191, 6192, 6193, 6202, 6203, 6248, 6249, 6250, 6295, 6296, 6383, 6384, 6557, 6558, 6559, 6570, 6571, 7077, 7078, 7082, 7083, 7091, 7092, 7093, 7209, 7210, 7211, 7212, 7213, 7346, 7347, 7401, 7402, 7403, 7669, 7670, 8039, 8040, 8092, 8093, 8192, 8193, 8356, 8357, 8724, 8725, 8748, 8749, 8922, 8923, 8924, 8949, 8950, 9028, 9029, 9100, 9101, 9119, 9120, 9125, 9126, 9179, 9180, 9655, 9656, 9773, 9774, 9872, 9873, 10176, 10177, 10359, 10360, 10391, 10392, 10401, 10402, 10403, 10405, 10406, 10422, 10423, 10424, 10425, 10426, 10586, 10587, 10588, 10589, 10590, 10591, 10592, 10593, 10594, 10597, 10598, 10599, 10604, 10605, 10876, 10877, 11200, 11201, 11202, 11203, 11244, 11245, 11332, 11333, 11378, 11379, 11380, 11737, 11738, 11832, 11833, 11834, 11882, 11883, 11892, 11893, 11996, 11997, 12104, 12105, 12106, 12107, 12185, 12186, 12322, 12323, 12485, 12486, 12497, 12498, 12660, 12661, 12662, 12718, 12719, 12742, 12743, 12762, 12763, 12789, 12790, 12830, 12831, 12867, 12868, 13607, 13608, 13609, 13620, 13621, 13622, 13623, 13802, 13803, 13835, 13836, 14083, 14084, 15595, 15596, 15677, 15678, 15780, 15781, 15933, 15934, 17908, 17909, 19644, 19645, 19704, 19705, 19887, 19888, 20077, 20078, 20533, 20534, 20601, 20602, 21431, 21432, 21433, 21612, 21613, 21636, 21637, 21638, 21639, 22103, 22104, 22837, 22838, 23397, 23398, 23494, 23495, 23496, 23497, 23556, 23557, 23668, 23669, 23738, 23739, 23788, 23789, 23805, 23895, 23896, 23898, 23899, 23999, 24000, 24048, 24049, 24062, 24063, 24064, 24284, 24285, 24365, 24366, 24469, 24470, 24546, 24547, 24618, 24619, 24649, 24650, 24651, 24652, 24733, 24734, 24784, 24785, 24803, 24804, 24806, 24807, 24870, 24871, 24921, 24922, 25015, 25016, 25047, 25048, 25063, 25064, 25070, 25071, 25072, 25073, 25399, 25400, 25754, 25755, 25897, 25898, 25984, 25985, 26019, 26267, 26268, 26281, 26282, 26647, 26648, 27111, 27112, 27233, 27234, 27245, 27246, 27280, 27281, 27543, 27544, 27583, 27584, 27585, 27939, 27940, 27994, 27995, 28103, 28104, 28426, 28427, 28678, 28679, 28747, 28748, 28882, 28883, 29392, 29393, 29399, 29400, 29670, 29671, 29993, 29994, 30064, 30065, 30628, 30629, 30842, 30843, 30844, 30845, 31073, 31074]

Type: target_range_only
Description: Target has range markers but source doesn't
Affected indices: [5, 6, 13, 14, 23, 24, 35, 36, 49, 50, 106, 107, 128, 129, 146, 147, 148, 149, 156, 157, 161, 162, 167, 168, 174, 175, 176, 177, 178, 180, 181, 182, 201, 202, 210, 211, 217, 218, 219, 220, 221, 222, 236, 237, 238, 239, 269, 270, 302, 303, 324, 325, 344, 345, 355, 356, 362, 363, 373, 374, 375, 382, 383, 384, 401, 402, 406, 407, 408, 409, 410, 420, 421, 422, 423, 424, 469, 470, 499, 500, 509, 510, 511, 512, 513, 514, 515, 516, 517, 518, 519, 520, 522, 523, 533, 534, 540, 541, 572, 573, 585, 586, 588, 589, 590, 593, 594, 606, 607, 620, 621, 650, 651, 663, 664, 665, 666, 667, 668, 671, 672, 673, 674, 695, 696, 769, 770, 818, 819, 820, 821, 822, 890, 891, 924, 925, 946, 947, 991, 992, 1013, 1014, 1024, 1025, 1039, 1040, 1050, 1051, 1052, 1053, 1055, 1056, 1060, 1061, 1065, 1066, 1088, 1089, 1090, 1137, 1138, 1150, 1151, 1163, 1164, 1173, 1174, 1175, 1225, 1226, 1236, 1237, 1259, 1260, 1298, 1299, 1311, 1312, 1354, 1355, 1392, 1393, 1487, 1488, 1502, 1503, 23213, 23214, 23219, 23220, 23221, 23222, 23223, 23224, 23225, 23226, 23227, 23228, 23490, 23491, 23560, 23561, 23706, 23707, 23807, 23808, 24287, 24288, 24289, 24337, 24338, 24353, 24354, 24363, 24364, 24372, 24373, 24374, 24375, 24428, 24429, 24434, 24435, 24436, 24437, 24438, 24459, 24460, 24461, 24474, 24475, 24492, 24493, 24510, 24511, 24522, 24523, 24524, 24525, 24530, 24531, 24536, 24537, 24538, 24539, 24540, 24549, 24550, 24556, 24557, 24569, 24570, 24571, 24576, 24577, 24611, 24612, 24685, 24686, 24728, 24729, 24823, 24824, 24857, 24858, 24873, 24874, 24888, 24889, 24918, 24919, 24944, 24945, 24964, 24985, 24986, 25000, 25001, 25033, 25034, 25039, 25040, 25042, 25043, 25045, 25046, 25066, 25067, 25077, 25078, 25084, 25085, 25094, 25095, 25112, 25113, 25136, 25137, 25156, 25157, 25185, 25193, 25194, 25198, 25199, 25212, 25213, 25217, 25218, 25236, 25237, 25270, 25271, 25281, 25282, 25283, 25340, 25354, 25355, 25364, 25365, 25366, 25382, 25383, 25436, 25437, 25438, 25439, 25464, 25465, 25469, 25470, 25471, 25478, 25479, 25523, 25524, 25526, 25527, 25562, 25563, 25569, 25570, 25571, 25584, 25585, 25618, 25619, 25655, 25656, 25739, 25740, 25772, 25773, 25882, 25883, 25910, 25911, 26021, 26047, 26048, 26053, 26054, 26144, 26145, 26155, 26156, 26187, 26188, 26211, 26212, 26241, 26242, 26326, 26327, 26328, 26329, 26347, 26348, 26349, 26521, 26522, 26592, 26593, 26608, 26609, 26610, 26620, 26621, 26622, 26671, 26672, 26752, 26753, 26828, 26829, 26855, 26856, 26895, 26896, 26992, 26993, 26994, 26995, 26996, 27012, 27013, 27018, 27019, 27027, 27028, 27036, 27037, 27038, 27124, 27125, 27126, 27127, 27186, 27187, 27254, 27255, 27259, 27260, 27261, 27271, 27272, 27397, 27398, 27399, 27434, 27435, 27436, 27437, 27438, 27462, 27463, 27466, 27467, 27470, 27471, 27520, 27521, 27527, 27528, 27529, 27530, 27597, 27598, 27610, 27611, 27612, 27613, 27614, 27626, 27627, 27628, 27643, 27644, 27666, 27667, 27688, 27689, 27698, 27699, 27704, 27705, 27719, 27720, 27721, 27730, 27731, 27766, 27767, 27807, 27808, 27809, 27813, 27814, 27838, 27839, 27869, 27870, 27889, 27890, 27896, 27897, 27898, 27900, 27901, 27936, 27937, 27958, 27959, 27971, 27972, 27999, 28000, 28011, 28012, 28016, 28017, 28083, 28084, 28224, 28225, 28254, 28255, 28281, 28282, 28451, 28452, 28498, 28499, 28587, 28588, 28617, 28618, 28653, 28654, 28800, 28801, 28838, 28839, 28906, 28907, 29091, 29124, 29125, 29138, 29139, 29166, 29167, 29192, 29193, 29201, 29202, 29283, 29284, 29299, 29300, 29303, 29304, 29335, 29336, 29351, 29352, 29436, 29437, 29444, 29448, 29449, 29450, 29454, 29455, 29474, 29475, 29492, 29493, 29494, 29495, 29499, 29500, 29542, 29543, 29544, 29557, 29558, 29592, 29593, 29606, 29607, 29657, 29658, 29663, 29664, 29684, 29685, 29686, 29693, 29710, 29711, 29743, 29744, 29763, 29764, 29775, 29776, 29791, 29792, 29811, 29812, 29832, 29833, 29834, 29867, 29868, 29876, 29877, 29884, 29885, 29891, 29892, 29893, 29913, 29914, 29937, 29938, 29959, 29960, 29961, 29962, 30012, 30013, 30040, 30041, 30070, 30071, 30114, 30115, 30116, 30123, 30124, 30125, 30126, 30131, 30132, 30133, 30139, 30140, 30150, 30151, 30204, 30205, 30255, 30256, 30290, 30291, 30327, 30328, 30339, 30340, 30342, 30343, 30355, 30356, 30394, 30395, 30399, 30400, 30411, 30412, 30421, 30422, 30423, 30424, 30425, 30426, 30441, 30442, 30562, 30563, 30581, 30582, 30593, 30594, 30595, 30756, 30757, 30765, 30766, 30810, 30811, 30812, 30904, 30905, 30947, 30948, 31006, 31007, 31111, 31112]

